1.5836522611734378
1.4867128619160852
1.2719806308637565
1.957047451123521
1.6533403832523812
1.5399024482060764
1.6261098407986567
1.7837103666949936
1.6368646594038887
1.9318414815262304
1.0110462222929022
1.3038409163432214
1.8331446183267257
1.1070307461441495
1.9233556283162347
1.3740864346655006
1.560123980267858
1.4131525693155582
1.5589079320805417
1.2699461146411517
1.9991746328558062
1.6694860734093315
2.0059353407166984
1.4593844127727187
1.2122654535410584
1.1453257780916761
1.2615760412417352
1.5202651874331312
1.708894254732778
1.0205163038161276
1.5053098646040701
1.6680510833814424
1.3938582635694396
1.4444635554239398
1.4570570640858544
1.397750831747757
1.7677364774123296
1.9487118495060127
1.2105636828849522
1.4541524867533475
1.8024389835848709
1.995904549874887
1.0671819271256373
1.4395785579294713
1.3877172298173512
1.243337900620617
1.8434059489080517
1.5980180220063636
1.5287592208064342
1.8878684322895054
1.6767311131537146
2.1492424002005692
2.6107176087163273
1.5763567704261015
1.85712768747877
1.4824544019409087
1.3317415019854129
1.3729429508492799
1.5471077473415586
1.8160378909170425
1.523489958959559
1.924174016157136
1.5215867336614295
1.1436435389176767
1.557366111908202
1.7367741769862648
2.008442865013874
1.5280451408996831
1.4928057888716744
1.5592061892158047
1.341394710406444
1.8848367908036159
1.4070826060827488
1.7110578279460236
1.662537625491332
1.7028082561924318
1.7858436373449291
1.6486587777745116
1.3051406955467573
1.3258414537194592
1.955959054095362
1.5333545558829984
1.6627694883829347
1.5006566541497042
1.3805501397930202
1.9898798369867416
1.516760035535552
1.3999419205620975
1.3113143753117833
1.2197399571779999
1.1288519876277838
1.3007211270475971
2.0566547316478765
1.8368522648567644
1.64299083387589
2.015160538745592
1.6428934513302942
1.1957792734366277
2.0214665704653583
1.4974784833414805
