13.584944844725769
13.702176743400177
13.622081055255567
13.658815536323479
13.676213563720601
13.674905854413248
13.756679457099827
13.581216791093935
13.613770933751113
13.755981313988466
13.700500955626147
13.6659227113796
13.5537515316274
13.61680121722086
13.674970623305718
13.677818913091183
13.49527751307198
13.645358452123347
13.748002507275968
13.877796020001613
13.690256924985176
13.6043121338239
13.57013745213623
13.67267377527907
13.736618659032418
13.694375368857475
13.633073959104832
13.64554874317312
13.758941620100574
13.670062608021682
13.721055846365314
13.588314779630121
13.706166824189214
13.673175930005263
13.748120133962997
13.696534611832512
13.51790438969325
13.582422675930495
13.709522348177073
13.651901381886173
13.700575915284603
13.577643294122426
13.616056709540407
13.579053822580374
13.684459611391762
13.597211831798218
13.762726717583627
13.646859329254516
13.600171843786814
13.644137835433352
13.620614190237962
13.624373726412982
13.67661826337384
13.642758217043951
13.704133793416098
13.521836905855205
13.755301134458792
13.724913172299724
13.562815389543303
13.608863713345256
13.598910087369925
13.751170308467591
13.577183760177336
13.712254419522626
13.80193313594934
13.722905388627469
13.563465616280716
13.593465060046393
13.583730818125918
13.693464388122214
13.700635517604633
13.735455168549992
13.59678906164833
13.61983403211857
13.679805358684478
13.77597224001751
13.530606661589148
13.60003735100799
13.670468904933694
13.6536029582007
13.634499465954631
13.620572861660593
13.627885535641918
13.795319790503797
13.729790581256049
13.65544451089669
13.52679330977631
13.486212572329649
13.544064813116188
13.650055488315369
13.724506455474156
13.610321130090034
13.664404387496118
13.672077207910048
13.600626576241002
13.76450812954163
13.58909056242757
13.65928600369902
13.70174161569488
13.696777106246422
