1506.8036200250754
1459.2027592707686
1556.4702121339867
1421.8785750927998
1491.128891127857
1385.7559839916214
1514.6574058942367
1565.4980960305245
1505.782566962956
1454.3555719442452
1609.2317919980537
1598.9691896369711
1472.515586088581
1459.5703342317386
1438.9174299505403
1342.4795551022905
1499.10471854542
1524.0095483156613
1448.5596726922324
1575.8511781120376
1652.2960747053835
1374.7594851449242
1282.3403588721776
1461.739028331714
1371.300917950432
1524.502915461897
1609.0602968058688
1503.0889941426774
1405.6378674894142
1505.1649222861909
1644.5348885202864
1416.9839378463666
1617.0145753635272
1510.8094344695514
1504.8582017848016
1377.0230250678721
1223.3922899762315
1454.0993149361084
1562.9363812190625
1356.0714020473292
1391.4324045153214
1562.2692856887793
1570.0684769959603
1407.9822757689556
1583.681218302912
1533.0388745152827
1428.3715748984612
1325.055434666039
1501.8179131965087
1684.2376899048427
1432.4456336336061
1411.8123003183669
1563.2273293070916
1516.9687541573892
1503.6254103606395
1593.540370612473
1444.5430404318647
1570.9847816710276
1456.1918014666976
1429.0881204302298
1602.780430417331
1600.9192051846865
1525.473142238884
1544.0711353804481
1468.3084073659347
1431.0560169649639
1309.1308444622562
1529.4538617480528
1596.9374048402194
1569.6176048706573
1501.7672492957863
1376.1836854709582
1574.5609425338766
1425.6978811715328
1806.749683658981
1577.420005832206
1521.8963446674145
1413.675752212918
1334.1992544342725
1559.6404129044313
1776.7114252426838
1447.9229257481963
1573.9444937714873
1485.6807449413236
1679.7442975710849
1481.4054803937415
1509.7474664293866
1585.6791505429733
1512.9585398650836
1512.0411773201336
1572.5059653418557
1545.5090657668727
1258.9397883699442
1621.8149293615845
1274.9038999946122
1463.0335336389555
1495.3616443119172
1533.6065953237608
1609.7594459315708
1547.4030468757487
