94.57988436438494
119.7259444564973
95.5532929303198
94.74180348188378
105.25368796589797
109.72846164030496
108.27969932855748
117.48290273556836
91.41071146487488
97.73152984860813
102.06978059780478
105.81874366401861
108.34267232112727
94.88666067810573
96.22074642223848
106.92597950283056
87.91733890152392
78.7259491368052
109.2430037549014
103.03664194651091
111.34335893905559
117.57403760803189
92.07798979414346
104.19949159670331
86.39187584476002
101.350510464654
86.92281861649528
124.57852795900277
92.43893839701903
115.16057096320732
116.02072228693552
98.28627922536887
91.02147608082802
114.74678415532073
106.82469168783618
99.22912638491258
87.73100109286386
105.0266429301009
92.98924586166412
102.31853368145042
115.73200739724568
107.23112761542913
95.98195542713674
109.65343344509316
99.87463805922609
87.18206396809893
92.2514886639395
108.20923721136663
98.26274655851097
103.9687215112424
92.68411215173637
106.88974328612132
92.15114928720294
116.10199094360077
88.92066933013601
95.6332410867791
93.15351988419519
88.60845294845036
85.98365135523395
108.06766354971178
93.51574346043256
100.59856238808341
100.13821617470789
119.25719206999804
101.35264150536973
109.36242610161517
96.82938298379271
101.88756103614433
92.03885478875861
109.16830365946377
98.64425252743152
97.27310521892662
94.00747178938599
105.05868968897147
94.45689256558569
89.56462897439393
96.24324263423335
112.22954380177698
101.91452101160294
110.58178855488111
106.30437004863332
95.06117731800445
94.40971884627446
92.706757883315
115.83422318848369
104.16886088353655
98.6298353857174
88.98948415405337
102.47320479878447
107.4758697261423
107.81265111741163
110.97172684537234
101.13232512981781
103.16798715055056
93.06435647758995
113.24753575431968
91.09476470117039
111.63243764510038
113.19281537966665
92.75454366696458
