13.646969555830747
13.697441858432935
13.630006020492218
13.654214773345627
13.635341210322093
13.636143143359801
13.680459870999623
13.672850915165297
13.649411728617668
13.628537196837831
13.629164239314813
13.648512231267384
13.654951969169163
13.66541172556368
13.665491684447778
13.659237352497781
13.673331124752849
13.611499964418416
13.672491175422232
13.637608654929078
13.67546253662402
13.649126250988637
13.603382186610432
13.66385430566672
13.67028869833249
13.652068078773102
13.642878642910848
13.640894733863863
13.62657227884005
13.65508384599236
13.618301728502727
13.69532417954313
13.631939909483084
13.650741094495617
13.625233138014213
13.640820771794113
13.663689965512534
13.649125831924648
13.65594913954437
13.617242532873982
13.67738134085291
13.632532982071584
13.677263948476217
13.634736649256567
13.628845230748972
13.675482633934227
13.669350066734362
13.639955180290226
13.66172997682284
13.621528641107991
13.658520032526198
13.679187762447953
13.651239444889992
13.643014225464698
13.65350246504349
13.662166509468861
13.6067473455613
13.623843954728624
13.684161576112379
13.628252293746481
13.628853378213806
13.666276376181806
13.668218651867207
13.627984738911595
13.644225882343113
13.619603939819973
13.6500008339203
13.670760124815727
13.72364140250096
13.655051898583869
13.641742132956361
13.622012896629283
13.626619672008779
13.636198682596055
13.663258968326476
13.644990715529392
13.661052194179625
13.668347676765809
13.676015864383437
13.624162410947072
13.652086068629334
13.6386696831593
13.628995244637839
13.646526367199753
13.635883878531736
13.66911631283741
13.675150809831061
13.643197783879597
13.607993992668613
13.641261033673008
13.647454188776704
13.651880132292632
13.646381624706404
13.639344695589648
13.625128004608342
13.65540165599609
13.655693179739806
13.657069064799382
13.678467828783775
13.676818623571
